1013 18
1035 19 25
1057 20
1111 14 27
1125 28
1133 34
2060 6
2100 18
2164 28
2282 11
5029 17
5049 17
5055 10
5089 17
5141 18
6005 17
6015 17
6115 32
8009 17
8011 23
8031 24
8047 17
8055 17
8057 18
8069 17
8081 17
8105  9 19
10003 12
10005 17 23
12001  6 16
12037  3 16
12045  8 18
12055 15
12065  7 15
12077  5 18
12107 16
12131 22
13025 18
13033 15
13087 9
13119 18
13131 36
13239 29
13307 23
13317 17
15001 1
15005 29
16009 18
16021 17
16037 17
16049 17
16051 29
16077 6
17037 18
17063 3
17075 13 19
17135 35
17147 17
18025 9
18031 16
18041 24
18073 27
18153 18
19033 17
19037 17
19051 17
19065 25
19129 9
19143  5 27
19147 15
19151 18
19157 18
19175 20
19177 7 9
19185 28
19189 17
20009 12
20011 18
20019 23
20065  9 36
20077 27
20085 17
20093 37
20107 18
20125 24
20135 18
20149 24
20175 16
20191 18
20195 16
21039 11
21065 18
21069 33
21135 7
21149 17
21163 8
21201 16
21211 16
21215 17
22011 36
22043 25
24047 17
26067 17
26083 18
26095 34
26097 17
26105 18
26123 17
26143 18
27001 26
27083 9
27111 17
27141 30
27161 18
28003 10
28019 31
28035 19
28051 31
28071 9
28097 31
28109 18
28125 31
29059 17
29063 37
29123 17
29133 18
29139 17
29153  7 20
29171  8 10
29197 17
29229 17
30037 18
30045 15
30047 17
30055 17
30067 14
30075 17
30085 33
30109 17
31003 17
31007 3
31009 12
31011 33
31019 17
31035 17
31061 17
31071 14
31081 18
31085 18
31103 17
31113 14
31119 17
31129 17
31133 17
31159 6
31163  5 17
31169 18
31171 34
31173 15
31175 7
32011 17
32013 11
32017 17
32027 13 17
32029 3
32510 17 34
34005 12
35003 17
35047 18
36107 9
37015 31
37079 18
37113 14
37175 14
38007 25
38021 1
38027 15
38033  4 22
38039 17 20 22
38045 17
38081 17
38087 18 30
38101 13 19
39087 11
39155 24
40007 18
40085  8 13
41021 16
41023 30 32
42003 24
42117 6
46053 34
46073 17 31
46075 13 18
46081 25
46087 18
46089 18
46099 3
46107 24
46115 17
46117 17
46119 18
46123 24
46127 3
46129 17
47007 17
47027 18
47033 15
47041 20
47071 18
47087 24
47095 11
47105 17
47153 29
47159 17
47181 17
48007 28
48035 23
48045 25
48051 17
48105 18
48115 26
48137 17
48155 14 22
48179 3
48205 18
48217 9
48253 25
48259 18
48261 28
48269 28
48275 8
48301 20
48307 1
48315 25
48369 18
48371 17
48391 19
48417 17
48421 20
48443 14
48469 12
49025 19
49055 6
50011 16
51033 16
51043 15 29
51047 12
51069 18
51085 18
51097 17
51121 29
51175 14
51710 17
51830 19 25
51840 18
53041 10
54003 18
54017 13
54069 30
54077 24
54093 11
55011 34
55031 17
55067 18
55099 16
56009  9 11 21
56019 8
56027 17
56033 17
